870
1555
11943
8694
7521
3251
10585
14394
1024
3582
2637
17890
18231
16057
4625
9036
10495
6689
2853
3444
13137
13751
795
8519
10496
4355
12208
5108
13890
3150
1748
18528
16821
13142
11119
9428
12243
10051
4083
3000
5453
15263
4759
15421
14061
8507
11053
14681
12162
17506
4986
5548
17590
14710
17689
18863
4003
1227
3610
9324
976
9928
10661
4491
16537
8601
6556
3676
15864
13540
14424
617
1737
15986
4652
6629
1777
16620
7570
6448
8726
6820
18646
17700
2168
8817
268
6999
18937
15785
13978
11307
2979
12658
7125
16955
11685
16258
709
17603
13609
16030
9701
6961
1635
16649
2595
8765
6374
18451
15580
10379
2707
15222
7028
4255
12872
16923
12311
6909
8210
17941
15996
17888
5666
1811
12031
12377
7716
887
5917
2002
2097
10860
6468
7564
14515
15383
12457
11209
16648
17482
13522
1133
6506
8958
3177
7768
11049
7045
7341
9467
14766
17809
6532
18786
13191
13941
424
17229
10097
1750
16132
7599
13216
3787
2211
11540
12693
15766
18566
6716
4456
13198
7063
12819
5725
1988
2015
9661
15447
8803
15534
16291
17186
6155
10577
15418
14231
14429
1675
11074
8680
18795
16185
5783
6373
12017
1611
4924
2762
9881
11593
6544
12672
9083
13505
861
1925
10274
1626
12219
8966
8271
13465
15306
8437
12693
14723
13894
8528
12433
13182
2943
9632
14131
2122
16517
17843
14021
8122
13404
18131
15757
15921
14259
4522
897
12743
9461
10498
1600
9275
18071
10316
15508
11824
10883
2874
15193
17770
5293
3809
13655
3500
9431
8732
10865
5908
18872
2780
8175
4218
11440
17813
169
14859
16042
3653
10860
2116
12884
2504
14090
6402
2643
13845
18016
13702
8246
7548
8588
1329
1137
12540
14866
6134
259
3647
3806
9006
4332
12930
3121
7574
8330
7268
17298
18890
4051
2973
4059
88
12746
15672
16068
6836
11717
1640
5772
6955
17780
17087
6588
897
7494
6573
6196
13690
10485
14097
3476
5580
12503
13028
7192
438
8931
15434
5235
11514
10015
4683
3195
14620
2997
9219
2174
5898
9554
14187
8243
5708
15849
8136
486
3704
12618
2304
16023
826
4239
6559
538
10180
13122
12574
11324
13014
7719
590
15823
8362
13412
189
3210
8639
18051
3573
6019
8429
18590
13176
4445
6664
7460
18484
12225
8318
9925
9891
2672
5154
1396
676
1313
483
5634
252
16910
13533
7004
17151
15158
16787
14071
177
15888
16732
11211
16530
8200
6852
12364
12504
2898
4417
15449
14494
17482
13744
6953
3292
6233
7648
7260
14858
1418
11335
8798
16604
9351
1800
3394
9799
9625
11134
11117
4896
16075
18651
17508
12353
15480
3804
10297
5447
14464
5676
17721
9700
12313
12673
10877
17267
2872
9675
3699
12577
4748
5171
13739
18389
10348
7163
707
17012
10177
14250
16013
17839
14602
5909
12803
16049
10952
14653
2249
3201
4836
3075
3737
12279
11290
247
4393
3166
1706
11425
1470
10053
7662
1100
15119
15153
18157
10834
4541
9607
9710
8969
15583
6641
17095
8939
3368
12606
5161
10627
5924
