26
25
24
25
26
26
23
26
24
27
26
24
25
27
27
26
22
27
26
25
23
24
25
22
27
27
27
24
23
27
27
23
23
22
20
22
26
27
26
22
23
24
25
23
23
27
27
25
25
25
27
27
22
25
23
24
24
26
23
25
26
27
25
27
23
24
26
22
27
27
23
22
26
26
24
25
26
23
24
27
26
26
26
23
25
24
3
22
23
23
27
27
23
22
23
27
27
25
23
27
26
27
15
26
27
25
25
25
26
25
25
25
20
26
23
27
25
26
27
18
26
23
27
22
23
27
24
21
26
26
26
26
22
22
22
25
25
26
24
22
26
22
23
27
24
3
22
27
27
27
25
25
20
26
24
24
26
26
27
24
24
24
26
22
24
25
25
26
26
22
22
27
27
25
25
19
26
26
26
23
23
23
24
21
20
26
26
26
26
22
27
3
25
25
25
26
23
23
26
26
26
23
24
24
24
24
25
25
20
22
21
25
26
26
26
22
27
27
27
21
4
23
27
25
19
23
23
27
9
21
21
24
3
25
25
26
27
27
27
27
24
25
22
22
27
20
22
22
22
23
27
27
24
24
21
25
25
25
22
23
23
27
25
25
20
26
26
22
22
22
22
23
27
27
27
24
24
21
3
3
3
17
26
23
24
24
25
25
26
26
26
26
27
27
24
25
25
25
25
26
