8694
11943
870
10585
1555
795
16057
7521
12162
3000
3251
15263
15864
18231
9017
15421
5453
15195
3444
3582
15580
7125
15986
5548
1024
14394
13751
14071
2097
9036
1777
9428
2211
18646
2762
10097
10495
13142
4652
13739
14429
3787
11209
5708
3177
18528
17725
14021
13609
8958
3610
15672
15447
2780
8246
9881
7063
9467
7028
18451
4083
16537
8601
6999
4059
17506
8271
8528
3150
887
11307
14766
13216
6689
16030
17876
4051
14840
10883
11339
11053
17689
2574
16049
8817
16648
13371
1600
13191
10722
17890
13941
12672
9891
6544
9928
12657
4711
8318
4003
15583
2595
2979
1925
2943
18016
10577
7570
4986
4924
17809
1750
18385
15508
17780
14681
16075
8519
10379
1414
5666
12474
15306
2973
17222
16903
2747
13600
1748
12819
14131
12872
9351
18389
13908
17941
18863
6374
12540
13237
14020
12673
16378
11119
7268
3156
2116
18566
16649
11074
18288
15043
10928
16185
438
8726
11049
7045
17590
6294
11121
12658
13978
16250
14114
6448
6607
4255
15766
18927
10860
5261
15996
1611
1640
12884
14424
10274
709
11675
6960
5801
8243
7157
15262
18307
7341
12457
2015
3653
3806
15535
3163
15534
8058
1737
14326
9219
12377
15383
7599
15728
17512
10506
1129
13702
11824
17095
14231
367
13533
10169
17770
6134
3121
12162
8419
2403
13894
10834
3513
8181
7716
18413
14897
12099
15148
12219
10877
13432
17021
177
14008
18245
11324
5085
4836
4940
11253
1675
3740
12364
15718
2999
14061
1329
9349
14830
2072
8939
9324
17143
1039
12743
13193
11820
9275
18071
9362
7716
2821
18890
16620
18786
11914
976
486
2828
17482
7574
5725
18726
10627
3804
17888
4393
4280
6955
2480
16645
11708
4230
17700
12239
17854
16787
12503
15428
6722
5917
5293
15785
17229
17508
590
17843
7412
9812
17540
14710
