24
26
25
26
26
26
25
27
27
25
11
27
27
23
27
27
26
26
20
26
20
27
26
26
27
27
26
20
27
27
26
27
27
27
27
23
27
27
26
27
22
24
27
26
27
27
26
27
24
24
26
22
27
26
26
25
27
27
27
27
26
27
25
27
27
25
27
11
25
27
26
26
26
25
26
26
27
25
25
25
24
27
22
26
25
25
27
27
27
26
26
23
15
24
24
27
27
26
26
26
25
24
27
27
25
27
27
27
26
25
23
27
27
26
23
26
26
25
24
23
27
25
27
27
26
23
27
26
27
27
26
26
23
27
26
27
27
26
26
25
24
27
27
27
26
25
23
27
26
26
26
26
22
25
27
25
23
27
27
27
22
25
27
26
26
24
23
27
26
26
27
27
27
26
24
26
22
27
26
27
22
19
25
24
27
27
25
25
20
23
27
27
26
26
26
23
27
27
25
25
20
24
24
23
23
27
27
27
26
26
27
27
27
26
27
27
27
27
27
27
22
25
23
27
26
26
22
25
25
25
23
27
27
27
26
26
25
21
24
26
26
22
25
25
9
26
25
24
27
26
26
26
25
27
27
27
27
26
25
25
25
20
27
27
27
27
27
26
22
22
22
19
27
26
25
25
25
25
24
23
27
26
20
20
24
26
26
21
27
27
27
26
26
26
22
25
24
27
27
26
22
23
27
27
27
26
27
26
25
25
21
23
27
27
27
27
27
26
25
25
27
27
25
25
25
21
24
24
27
27
27
27
27
27
26
26
23
27
27
26
25
24
23
27
27
26
26
26
22
27
27
27
27
26
26
26
25
25
21
21
24
23
27
27
27
27
26
22
27
27
27
26
25
25
25
21
21
21
23
26
22
25
24
26
19
25
25
25
25
25
21
21
21
21
24
24
24
27
27
27
27
27
27
25
25
25
27
26
26
22
25
25
25
25
23
27
27
26
26
26
26
22
27
27
26
26
22
25
25
25
21
27
27
27
27
27
27
26
26
26
26
26
22
9
24
23
27
27
27
3
26
22
22
19
25
20
23
27
27
26
26
22
25
21
23
23
27
27
27
27
27
27
26
25
24
24
27
27
27
27
27
27
27
26
26
26
21
27
27
27
27
26
25
25
23
23
27
27
27
27
