26
26
25
24
25
26
26
27
26
27
26
23
27
26
27
23
24
25
22
26
27
3
22
27
27
24
24
26
27
27
3
26
25
27
27
22
27
24
25
25
27
27
27
23
23
27
24
27
24
23
23
25
26
23
22
24
24
27
26
27
23
25
24
22
23
27
23
26
26
3
24
3
27
25
3
25
27
23
3
25
23
25
24
26
26
27
24
23
27
27
27
26
26
20
27
22
26
25
27
23
27
27
23
3
25
27
24
22
26
26
26
27
22
22
26
26
26
26
27
27
27
26
26
26
25
25
27
24
23
22
23
26
26
26
26
25
25
27
27
18
25
27
27
27
27
23
24
23
26
23
26
25
25
27
15
26
27
27
22
26
26
26
25
24
24
22
26
23
26
26
26
3
27
27
27
26
27
26
26
26
26
25
22
22
26
20
22
26
26
25
27
27
27
24
24
26
20
25
27
27
24
3
3
25
27
27
24
24
25
22
26
3
27
27
27
27
23
26
25
27
24
23
23
23
26
27
25
25
25
27
22
27
24
23
23
22
26
26
26
25
25
23
23
22
26
20
27
26
3
21
25
27
25
25
27
24
22
26
25
27
24
19
23
23
22
3
3
27
27
22
26
25
25
27
27
27
27
24
19
23
23
22
22
26
26
23
26
3
3
3
21
21
25
25
27
27
27
27
27
24
