283
1425
5797
6749
2643
5862
2999
5296
3520
8107
1626
8825
4925
6763
3097
1971
6187
2161
5052
6973
4336
1600
3365
723
403
3567
600
5966
3111
5230
6218
4186
390
3048
4569
7532
6245
8045
512
7974
3236
2362
537
4478
166
3340
2999
4386
7770
4606
3576
1169
5489
7015
2249
7193
746
5830
7886
8231
6602
3925
5359
7506
8224
3579
1803
6369
6993
596
6654
1309
2116
4662
207
1050
1272
1514
3223
5313
7551
651
532
5524
3100
7078
6258
6816
870
7195
6669
8359
3447
1025
7029
6877
3910
6390
1641
7511
4192
1769
8188
6248
658
6845
3368
1785
1405
4671
2510
5465
497
5834
341
5494
289
5524
6764
8914
5399
8362
8127
6996
2479
3541
7912
656
1017
2698
8593
1875
4313
7155
8877
3805
3041
1449
42
8714
3834
8494
3791
6731
8331
1539
2385
8578
8655
2633
4533
4777
5408
7087
4970
805
4299
3578
5969
3104
5731
5031
1383
8587
2180
2618
5171
1298
7172
7271
3068
2983
3980
5141
8290
2368
6200
465
5833
1429
2994
6120
7816
8924
8949
4216
1439
5253
6088
893
5994
8739
82
7546
8252
3594
7230
4160
378
5824
6455
3531
5857
2052
4169
8925
4381
3649
6448
1690
2566
4050
3902
5944
4196
4416
3284
4649
5893
1464
5609
1087
4481
1045
186
3169
7632
7198
2520
1842
7911
612
363
1375
5492
115
4124
4943
6664
7764
5713
7233
4511
8748
2080
450
3535
412
2963
1190
1145
3427
8869
3813
6569
444
6293
7572
3615
788
6011
3904
1575
6173
2676
4770
8565
8396
1293
6640
735
5408
7050
5412
5875
5941
2348
1874
855
5456
5110
2018
8028
1167
5250
8883
5277
1378
8140
1335
7331
7210
5447
8637
8708
3981
7900
4580
7567
3211
