7262
6352
10283
7908
2391
361
10529
6032
4174
6037
499
4107
3703
4804
6453
2554
1482
10791
23
3674
10016
1664
6174
8595
7940
4
6823
10163
10005
7734
2041
2454
4525
404
8920
7716
4494
4073
1513
10102
7944
4651
4736
6178
1274
729
613
1206
4698
10384
4338
4552
1880
2649
3176
10314
9960
10338
2597
6177
4180
5676
8564
830
5791
3342
10068
9428
7761
2786
5825
10618
1371
8750
8527
977
4269
9666
465
9405
9150
2302
578
4981
6332
5035
6579
6358
2927
4706
5156
6639
2019
7641
6515
10246
3974
3583
3483
2615
8356
5701
6236
6836
3325
7978
4277
10556
6411
1740
4983
1429
3151
1353
3751
6570
7863
6023
8017
6334
2283
4665
3016
4911
5621
1634
4338
374
10289
4933
10308
11005
2496
8286
10896
8959
2692
7562
8481
2005
8965
2793
8210
7240
5571
1838
7683
1184
7551
6937
403
5857
2006
968
9095
2257
5505
4891
9043
9806
5731
2867
7893
6419
1382
6664
9345
103
1184
5036
763
2261
5544
3358
8519
8845
3223
8911
1593
2351
3176
7878
4356
8458
4345
6699
7836
7318
7369
8992
1446
7674
2585
10438
6458
4886
10164
480
5939
5296
10194
7702
648
3626
9225
2638
6789
9109
2102
10243
6980
5486
5564
5016
7805
9856
1536
4136
8816
1997
9873
4904
5298
6274
4943
3929
1609
4588
5048
8002
9459
5255
783
890
1062
3189
4372
842
4157
5104
4236
8285
3255
2346
6636
4759
4287
9598
10578
6079
4077
10503
2952
5598
3353
3902
6511
4221
8703
184
3103
8756
9645
3882
10210
3284
3659
8061
997
7917
4374
2353
8156
10229
6324
3586
8058
2285
1749
2625
755
457
8432
3258
1516
594
7592
6794
5338
3042
7057
9670
4494
1112
1975
8130
1203
7578
7022
9727
