8694
3251
10585
870
11943
1555
7521
18231
795
3000
10495
16057
14394
3444
1024
9428
15263
3582
5453
15421
9036
16645
18646
13142
16821
11121
12162
6689
13751
17725
16248
8519
18451
6999
11119
5548
3150
7125
15986
11209
4003
15672
887
15580
11307
3610
16648
1777
8243
2097
8246
15864
4652
14429
15447
16030
14071
17890
4083
2943
8939
14021
3787
10097
13191
17590
7028
12208
8271
9504
9881
10460
7716
18071
10879
13609
15195
2211
3156
18016
3177
2780
17506
1748
7341
11339
12658
12672
16023
14061
4940
17689
9467
2762
9928
14766
1737
17941
13941
4059
3637
18528
5783
9379
8817
17482
10883
13739
11049
1925
11053
14681
1600
8528
18307
2574
12872
16013
17143
4625
16649
15508
14131
15222
18863
10577
1227
2747
17780
3653
18279
6374
709
14020
14424
7570
17809
9017
15306
1414
17876
16537
17888
9675
17229
6960
17854
10722
4986
16049
12819
2193
8601
9324
2979
5917
2358
2595
10860
15383
13216
17879
18786
8726
7063
17482
12377
12099
14710
617
4255
4759
12219
15996
10329
13978
11253
2015
15785
14259
976
6448
2973
17908
16185
14231
2116
7045
12457
8958
17508
4836
6556
17512
13702
5666
18385
6607
10976
11074
12540
13371
10671
15043
826
15012
4393
5826
15534
13908
6134
2099
10379
8732
13540
2707
17222
486
16517
4092
382
9219
2872
12663
3121
3806
1611
4445
11290
5261
2999
11440
4280
5801
14840
9891
17603
4051
15583
17095
11824
9492
14326
18927
9700
1137
16432
7599
1930
6955
12364
1988
17843
5908
5102
16787
9351
5293
16620
7268
16519
12884
12239
6544
2122
4748
7884
6852
8855
13237
11717
1911
7946
14097
4218
1800
2016
18210
8803
2821
3368
2304
18051
13566
1396
15728
14866
8713
9499
1502
10834
897
16191
16910
18890
7548
3377
14045
16903
12311
