21
23
23
22
27
25
24
26
5
22
24
23
23
3
24
3
24
1
22
24
24
26
1
24
25
23
27
2
18
2
6
27
22
21
18
1
1
22
22
22
27
2
23
25
25
19
21
16
25
19
24
21
22
27
4
4
26
22
23
2
26
11
24
3
2
23
22
23
27
25
25
27
25
27
8
23
3
25
4
1
5
23
24
25
26
26
5
27
27
5
23
27
15
5
23
23
24
24
25
4
26
22
22
23
24
25
23
27
21
19
1
21
8
2
22
23
27
27
5
3
3
4
2
26
5
22
23
23
2
1
1
23
24
3
18
27
26
23
27
27
24
24
21
18
8
4
1
5
23
4
23
27
27
21
25
4
5
5
22
24
3
27
27
26
26
23
24
2
26
1
1
3
19
20
26
5
22
22
23
27
27
24
21
3
20
26
1
7
27
3
3
18
26
26
22
22
23
23
27
27
27
24
21
5
27
3
25
25
20
26
26
22
22
3
26
23
21
3
2
2
2
26
26
5
22
22
23
23
27
27
27
21
21
25
2
1
22
23
27
24
3
25
25
18
19
27
24
3
26
19
19
2
2
7
27
24
25
18
27
27
25
19
22
27
3
25
5
22
23
23
23
24
3
25
25
24
17
26
23
27
21
3
2
27
24
26
22
22
22
27
2
23
24
26
26
5
22
27
27
24
