27
10
7
10
27
7
27
4
9
10
6
11
6
11
24
9
8
4
14
18
26
9
8
10
7
10
7
10
18
3
7
12
27
27
9
5
10
5
9
9
11
11
10
6
5
6
8
10
27
12
18
27
8
11
12
8
8
5
9
7
27
7
10
6
7
12
8
10
10
9
8
26
7
22
6
26
27
12
9
8
27
9
9
10
10
5
10
12
9
7
23
27
27
25
18
8
8
11
27
9
12
6
27
24
9
5
9
25
8
7
9
7
10
27
6
8
8
27
27
8
8
9
10
27
9
25
8
13
8
27
27
9
8
26
27
27
14
9
10
27
6
9
8
7
11
9
8
27
27
6
9
8
8
12
12
7
5
6
9
8
11
27
6
8
12
8
7
7
11
10
27
8
8
10
27
11
9
26
7
9
8
8
26
10
6
5
9
7
10
8
8
10
24
22
8
7
7
10
6
9
8
8
10
5
10
27
27
14
25
2
10
27
12
11
10
12
9
9
7
11
10
27
27
27
14
16
8
5
12
25
11
9
16
8
8
2
26
27
12
9
10
11
10
6
8
7
10
14
7
7
7
27
8
27
27
9
25
18
8
4
11
12
6
9
15
7
7
10
6
9
9
9
8
26
7
10
12
24
7
15
18
7
5
10
27
9
8
10
24
8
8
8
20
10
27
6
6
9
26
26
