870
8694
15421
10585
13216
18231
7521
12693
3251
3610
10496
1024
3444
292
16258
16057
15986
14394
8519
16013
7028
16101
11943
4083
795
14424
9036
11307
13702
11053
1748
14681
8966
16537
15222
14020
12457
8726
17890
5453
2637
2780
3150
12017
538
12208
17506
3000
3653
17041
3218
16648
16903
8243
13751
6629
5666
8958
16620
1925
8638
3177
15263
18451
18319
4393
7412
13142
10379
1396
10181
3787
5276
7045
12504
13845
6374
15583
10274
18590
4332
4059
10297
2997
4051
9799
9625
8817
8210
15383
17770
12618
2097
7570
826
16517
14859
709
4986
12377
11119
5293
15508
6402
7599
1486
9275
8601
11209
13028
9928
13191
10883
18786
3809
252
1737
11052
15766
2211
9333
2062
15534
18288
12243
16649
14131
9219
9540
8271
18492
8507
3704
1555
6847
12808
4652
18795
3121
1811
17780
15057
13836
17941
4522
4836
4355
7125
12433
17721
12364
1611
18937
14236
11896
17603
2872
13609
16923
5333
10012
2997
13378
16191
18687
10577
10661
15864
9324
13306
17508
12930
5348
14259
12872
12672
8931
12162
5908
16906
11074
6196
10498
14326
17854
13690
17809
17229
14620
9969
14071
10671
5676
1318
18210
5772
6448
4046
6155
10097
14710
5917
3706
15921
1965
3958
18862
13151
11824
2104
7895
2049
15720
10169
12353
3201
1600
16530
8246
12481
14858
617
15119
17585
6506
18304
11514
15580
9175
1313
15418
15902
7494
12219
972
15447
8588
13899
11568
12311
17095
976
9091
16604
7786
1329
4239
4014
11717
486
6544
14836
17377
13182
2672
14685
4766
16185
10477
5955
1575
13176
18667
17888
12911
9925
10952
17700
3368
18413
6044
2661
6895
6548
11783
10452
11324
16530
17839
7648
5688
7268
17512
3292
13655
8765
11860
7305
18157
16049
7768
15193
7716
18872
7163
18927
15778
2290
13533
11290
